2
100
23 20 32 41 12 20 12 30 36 25 5 37 46 24 14 40 42 22 7 36 38 10 3 43 38 13 30 5 24 14 34 46 36 18 36 49 37 50 28 24 26 32 10 21 5 26 12 49 47 19 34 34 30 38 26 17 50 6 22 24 21 7 19 6 24 7 4 13 8 31 36 33 13 48 5 19 23 17 17 19 37 2 5 18 39 30 35 39 37 6 14 8 14 34 15 40 40 19 2 47 
1 39 31 15 36 36 34 10 4 50 31 42 2 35 9 40 16 43 30 3 50 43 12 14 27 28 3 18 46 6 17 49 44 47 13 32 34 46 43 37 46 23 28 47 9 37 38 25 31 18 29 31 10 42 46 38 19 50 8 17 5 24 15 50 22 27 31 6 23 24 44 18 48 22 16 7 10 3 33 40 22 11 20 34 4 17 21 22 16 28 38 22 3 2 22 25 31 4 32 
3 29 25 22 27 48 39 35 7 43 17 47 15 29 18 50 32 35 22 5 50 50 43 22 4 46 45 30 26 48 11 30 29 38 3 7 35 41 41 42 34 9 38 50 37 5 49 20 41 20 24 41 21 18 14 27 16 8 6 43 7 19 23 35 6 25 41 40 18 33 31 3 41 20 2 29 27 2 50 17 23 24 9 44 41 24 20 8 31 27 1 40 45 23 26 50 49 19 
40 16 3 22 20 44 44 21 24 22 24 24 38 47 49 49 40 41 22 11 49 5 37 49 44 32 23 21 33 21 39 24 39 44 46 8 39 41 31 12 12 4 37 1 50 35 49 41 28 23 3 26 27 40 26 22 23 48 44 5 18 35 29 8 28 26 18 16 16 48 27 29 3 16 31 5 2 32 45 29 4 48 6 30 39 31 3 11 28 46 15 48 30 45 5 7 20 
22 22 37 21 1 15 26 18 48 30 19 29 26 50 32 25 5 13 13 36 17 25 13 12 40 12 44 36 17 50 6 40 24 42 13 26 9 38 45 6 19 13 34 44 14 17 19 19 29 33 6 45 8 20 8 49 32 1 34 50 3 39 39 28 33 3 5 43 42 49 48 10 13 33 6 27 49 26 45 27 8 50 23 17 19 30 15 2 33 1 1 35 41 42 14 25 
44 18 17 36 16 14 47 28 46 2 4 46 27 50 24 37 1 46 3 22 28 20 23 10 20 24 46 12 15 9 37 10 26 3 45 43 17 44 20 14 45 26 10 24 27 33 10 28 31 14 49 8 33 21 19 2 46 16 16 10 24 2 20 1 4 16 43 22 9 14 38 6 41 49 31 18 31 40 45 13 3 45 22 38 17 42 41 13 7 6 22 30 7 43 30 
13 11 24 34 19 38 21 26 28 19 6 45 2 47 41 16 2 37 38 39 4 31 29 16 38 35 39 19 43 34 49 5 44 24 39 14 11 11 40 41 32 47 37 35 46 30 50 47 16 39 37 19 22 15 36 9 1 25 27 44 8 27 48 3 1 38 16 13 1 7 3 32 4 40 18 1 19 19 47 36 10 33 5 31 49 42 39 50 16 17 43 25 44 42 
27 46 30 45 8 30 1 11 13 6 2 30 6 22 48 2 7 7 36 13 39 35 5 27 34 22 46 28 47 39 19 25 34 50 19 43 29 22 3 43 27 6 24 33 27 22 36 34 30 24 48 21 8 2 47 43 24 42 22 22 32 42 48 17 42 19 10 22 40 14 15 16 20 38 50 46 11 38 31 43 11 31 13 20 32 11 12 7 5 35 28 38 26 
28 5 17 46 14 39 37 29 5 4 48 42 4 46 5 41 28 47 3 8 9 22 40 21 35 48 25 19 28 13 44 5 19 13 2 32 1 38 10 5 41 10 48 46 5 2 38 32 48 40 40 8 11 31 29 45 28 5 13 5 19 9 11 37 21 12 20 23 49 32 27 42 41 26 39 47 28 27 30 27 18 21 37 29 1 17 25 31 21 40 37 42 
48 48 28 20 9 50 42 10 31 20 3 23 45 41 19 24 19 48 1 37 21 37 17 21 3 41 3 25 30 40 16 29 37 46 48 47 45 41 8 27 10 10 49 7 3 19 30 21 18 32 9 38 18 25 11 22 16 13 49 47 2 16 28 40 11 27 37 7 18 44 33 29 6 33 35 10 1 17 30 21 48 39 8 16 13 18 39 30 31 39 29 
34 5 6 24 17 32 10 24 1 5 8 30 12 43 16 21 43 32 3 13 30 41 23 47 5 40 35 37 22 24 15 6 30 20 31 46 1 42 21 4 46 31 33 10 23 48 30 15 32 32 30 11 24 2 7 31 43 43 17 17 18 31 22 49 2 2 45 2 45 17 5 40 47 39 1 19 39 31 36 20 14 17 30 40 20 38 20 12 32 38 
30 50 18 1 48 19 4 44 22 48 11 29 40 9 19 40 28 7 22 15 26 38 33 7 27 2 46 48 15 28 35 45 29 4 47 28 22 3 22 45 50 34 25 41 42 44 33 21 50 6 37 28 43 19 36 21 20 32 18 37 9 4 31 37 7 27 16 30 29 37 27 31 22 1 23 16 44 7 36 46 13 25 23 7 43 10 28 15 41 
47 1 1 3 33 39 9 11 5 41 42 43 17 24 15 19 46 30 13 5 17 10 17 43 34 25 38 43 4 2 34 3 4 34 5 38 23 15 48 27 5 39 21 23 12 35 42 10 16 6 14 35 15 32 27 48 6 14 40 12 17 25 14 20 11 18 7 33 34 7 11 41 45 31 13 9 18 6 20 33 11 35 17 25 16 46 24 23 
9 16 36 28 40 49 47 50 18 6 34 2 14 46 42 10 29 6 20 46 12 39 30 22 23 49 49 40 44 24 15 4 39 50 31 31 1 30 32 18 37 18 19 50 13 12 9 41 18 29 36 29 19 18 2 42 16 2 33 9 26 49 14 16 49 45 48 1 24 30 18 12 47 37 11 11 50 21 4 17 49 41 45 18 8 49 11 
23 50 45 33 25 44 47 43 44 43 40 44 18 21 11 29 19 49 39 30 49 9 35 15 10 25 12 29 33 10 39 5 11 35 40 38 28 36 30 21 30 21 16 47 42 29 25 12 27 15 43 27 25 27 44 34 2 5 12 34 16 2 40 26 37 29 13 16 16 42 39 45 15 4 43 6 32 19 19 11 33 12 37 10 38 30 
43 39 36 7 22 1 10 14 29 48 42 41 14 10 35 2 6 49 7 49 6 41 17 24 1 2 37 39 11 25 21 5 13 6 11 37 9 23 50 37 20 43 29 33 2 15 36 10 15 45 8 20 35 26 46 35 29 32 25 39 8 45 46 21 1 6 9 11 30 10 49 50 2 27 34 6 44 22 15 8 16 24 30 50 49 
27 36 30 8 10 18 16 5 13 38 7 21 46 19 50 5 17 1 8 45 35 15 38 8 29 46 23 4 25 22 3 1 9 34 10 20 1 27 26 16 16 34 38 13 2 39 19 18 40 27 13 26 41 2 33 22 47 7 25 23 30 29 25 38 12 37 7 15 15 35 32 31 18 19 43 20 7 12 37 48 40 1 25 32 
3 9 3 1 15 30 26 44 8 2 33 22 38 42 36 3 26 17 35 43 37 27 12 43 40 1 43 29 3 19 11 5 28 15 8 42 44 33 38 2 36 20 25 24 13 10 28 38 28 12 31 14 40 44 6 30 46 50 10 49 19 20 5 46 37 14 39 30 48 26 33 34 48 7 7 10 18 36 50 45 49 32 8 
38 27 16 17 23 15 29 23 33 50 29 30 36 43 21 18 40 48 50 23 45 9 31 7 26 16 6 21 14 37 28 4 13 43 22 37 10 50 9 44 50 38 24 35 32 44 2 21 41 4 46 38 14 26 46 39 44 1 11 9 39 39 12 3 33 36 40 42 35 50 36 34 39 11 21 20 6 24 43 46 29 38 
35 42 15 30 31 8 32 41 19 20 31 32 25 16 17 16 7 4 17 44 39 6 4 9 27 11 35 19 7 15 6 43 7 23 23 39 30 4 31 50 26 14 34 2 29 50 17 37 3 33 33 42 40 38 2 17 49 38 37 7 3 45 49 11 17 21 1 46 27 33 48 4 46 31 5 26 32 23 15 35 7 
47 28 49 34 31 17 34 21 3 40 23 47 39 35 13 11 35 11 39 19 8 42 15 40 48 42 21 22 6 7 31 2 36 29 38 17 45 21 37 47 11 11 44 1 47 8 11 33 18 2 1 27 43 17 16 43 9 39 16 14 45 46 18 31 24 5 49 20 25 37 19 37 49 14 37 47 21 50 29 39 
1 31 17 45 48 33 39 6 21 5 21 17 2 38 49 28 42 49 47 19 35 15 7 35 28 46 31 1 45 9 41 47 40 7 43 39 39 32 46 11 38 16 30 39 6 28 18 49 27 15 17 13 31 26 48 11 21 28 11 17 39 1 13 30 7 7 18 48 38 15 10 25 30 39 16 35 17 33 36 
45 49 4 7 32 29 4 42 1 34 4 17 22 6 31 1 14 38 20 13 27 34 23 4 15 11 19 2 29 3 37 25 2 40 32 35 19 37 26 19 20 31 38 43 36 18 45 1 7 16 14 34 49 36 37 16 48 7 17 29 9 3 5 12 44 36 46 14 25 23 35 46 3 22 41 40 41 35 
41 48 1 6 31 1 43 19 16 42 25 34 22 33 36 27 47 32 14 42 45 38 17 29 36 19 50 26 11 43 10 3 40 12 8 22 15 2 40 30 43 16 14 15 48 1 41 46 32 4 40 29 44 6 7 29 26 9 6 36 1 15 40 42 29 47 13 43 50 4 24 43 19 39 7 18 40 
49 14 23 4 3 1 49 10 10 29 35 20 34 21 20 1 10 13 29 9 25 23 8 30 46 2 48 35 10 17 26 8 32 48 14 36 1 12 45 12 43 30 31 26 50 2 26 11 14 6 21 40 28 29 19 24 32 18 10 42 34 35 49 16 34 14 3 34 28 48 47 20 27 29 45 28 
30 23 40 43 28 11 32 6 41 2 31 22 19 40 13 5 26 14 22 9 27 24 45 6 21 41 25 47 20 22 26 1 44 16 44 21 26 27 28 16 31 10 37 49 1 2 3 26 15 26 35 43 50 29 49 20 21 25 19 42 46 44 43 39 9 38 12 34 16 41 1 46 3 40 47 
3 41 1 29 7 27 15 1 26 45 49 45 15 26 13 9 21 9 3 12 17 40 25 3 7 15 5 3 17 44 49 20 36 49 50 44 25 14 45 2 10 45 47 24 20 11 34 41 21 36 4 38 27 28 42 34 44 46 36 11 42 36 32 29 36 33 23 13 48 19 14 7 13 12 
32 35 25 16 27 45 3 30 34 30 9 25 13 2 23 48 12 14 35 45 42 20 29 16 32 26 34 46 32 49 7 16 35 33 31 11 28 35 42 11 14 50 38 26 1 12 25 15 25 9 9 18 31 38 36 12 15 21 9 49 21 18 14 5 50 46 15 29 30 6 42 44 5 
29 21 6 40 46 20 16 6 30 35 36 19 20 48 34 43 8 32 13 25 47 18 25 42 32 3 21 40 44 14 46 24 37 1 15 32 22 32 39 4 17 25 22 38 24 7 30 31 38 45 8 34 12 32 27 45 36 48 36 32 13 32 7 49 34 22 30 6 3 21 9 21 
45 32 11 20 39 40 50 28 36 7 14 49 40 40 44 28 37 31 9 50 12 17 50 46 38 32 3 43 2 13 13 46 44 25 15 34 17 16 12 2 25 27 1 16 16 46 43 5 26 3 6 40 20 5 37 9 36 39 3 37 3 18 32 48 42 48 32 8 16 45 10 
40 21 10 7 38 7 50 42 32 4 47 23 25 2 9 34 37 47 38 26 1 5 9 49 47 7 32 4 24 28 15 15 48 26 21 37 32 22 29 16 26 25 38 2 28 47 35 17 45 25 42 48 29 50 46 25 8 29 31 33 6 47 47 5 23 18 41 4 41 21 
21 16 48 11 18 25 7 4 43 3 28 34 50 9 36 47 35 45 27 15 28 34 12 24 38 36 43 31 41 34 1 12 1 50 22 20 27 30 26 19 34 3 5 36 11 42 34 48 36 11 12 13 44 25 39 34 10 33 14 1 18 16 14 19 18 35 38 44 16 
13 12 49 18 16 36 30 7 20 27 45 32 41 9 27 15 49 10 27 32 25 29 49 43 42 19 10 26 9 3 43 23 16 43 40 32 29 22 40 50 50 34 31 42 45 9 7 43 19 35 24 45 13 25 39 4 43 48 31 1 2 23 24 18 15 15 1 45 
38 42 46 38 28 28 29 22 37 37 14 7 23 40 1 35 14 40 40 6 39 20 9 41 44 32 10 11 48 10 5 36 1 1 25 30 28 3 1 16 42 17 22 14 6 25 1 19 16 40 26 4 10 36 46 3 19 5 13 17 16 20 4 19 22 28 48 
1 30 1 17 23 17 40 37 22 14 37 42 29 26 17 35 37 5 30 42 23 37 6 39 4 25 42 24 48 19 24 49 1 24 17 25 40 6 11 13 20 49 4 50 27 22 34 15 26 16 6 49 2 12 39 7 38 31 31 36 1 4 36 3 29 2 
28 18 7 40 30 28 39 35 28 17 6 11 31 34 26 39 32 29 2 20 38 39 2 18 26 5 23 13 7 1 16 34 20 23 24 1 2 14 35 29 32 42 42 12 25 19 50 6 50 1 28 37 42 31 6 19 35 30 32 42 30 47 27 1 21 
2 1 25 17 37 5 48 28 46 12 3 17 11 10 16 14 39 2 7 20 9 25 4 38 8 47 19 5 26 19 27 27 21 1 46 7 8 43 34 3 4 38 21 17 48 36 32 36 39 38 7 47 12 13 36 20 9 4 26 34 24 4 13 44 
7 10 2 14 2 36 18 8 25 39 26 24 24 7 12 15 44 18 13 7 30 49 28 41 4 3 26 28 9 40 23 17 49 25 30 3 12 49 12 36 37 37 10 13 43 21 27 38 40 41 44 20 41 22 10 45 26 35 24 34 27 46 50 
25 20 31 27 31 30 38 17 18 26 28 30 18 48 8 5 37 49 1 8 41 22 19 35 49 6 8 35 32 6 36 6 25 17 35 8 48 24 26 15 50 3 47 17 2 4 24 40 4 26 48 45 47 18 31 45 23 41 31 4 46 17 
12 22 33 46 29 32 21 4 46 20 8 42 39 9 48 14 1 1 39 50 47 35 17 30 31 42 20 12 45 17 30 8 38 12 5 19 43 26 22 40 45 32 32 33 42 31 46 42 33 36 43 30 22 10 11 5 1 30 18 47 46 
47 7 35 8 11 3 2 36 25 41 33 8 24 17 49 6 15 43 39 50 35 20 22 46 30 26 48 11 43 45 6 39 3 40 48 13 43 1 1 19 43 33 28 19 49 26 24 13 18 12 15 5 33 36 50 12 13 48 22 5 
44 29 45 46 19 44 8 13 44 10 33 36 42 10 4 43 35 30 5 5 41 21 11 24 6 10 37 20 9 11 26 2 39 20 49 9 15 9 21 8 18 5 46 10 14 49 2 1 28 8 7 21 29 17 46 36 28 34 6 
37 44 31 38 33 3 37 41 17 45 14 27 14 18 22 23 34 22 26 36 50 34 42 22 14 10 19 49 37 2 6 23 46 37 13 28 41 1 20 7 47 33 33 10 3 4 35 38 26 10 23 27 43 16 50 6 25 18 
7 13 21 12 36 16 50 50 45 40 50 15 47 48 49 31 7 1 37 41 38 12 1 12 40 45 27 41 3 1 8 9 14 30 22 1 46 22 50 40 11 1 6 9 48 5 40 6 7 26 49 47 39 1 8 30 47 
35 20 49 37 29 9 2 8 31 2 5 2 3 47 14 3 2 23 2 8 14 10 15 39 8 13 29 10 20 10 6 6 29 5 43 9 13 44 18 45 48 23 46 50 19 10 5 22 34 8 30 47 17 44 37 26 
6 17 35 27 26 41 33 6 47 27 14 11 22 33 6 19 5 3 21 25 12 27 47 45 34 26 43 3 21 29 30 28 45 15 4 20 7 38 25 5 14 40 15 36 23 22 6 29 25 28 6 36 4 2 33 
40 29 25 44 49 6 23 26 50 39 31 22 45 19 48 49 32 40 16 19 12 37 27 42 11 4 47 49 10 50 33 1 28 7 44 26 14 18 3 16 7 34 37 3 2 34 2 35 23 19 4 36 5 30 
30 18 33 28 16 44 28 48 44 5 6 39 33 20 7 37 35 15 20 23 17 23 8 20 8 31 38 11 18 45 42 49 12 24 27 29 20 4 26 15 10 33 4 42 2 12 29 38 26 50 10 44 23 
18 14 32 50 3 42 19 49 33 18 12 8 46 40 29 49 15 44 8 48 47 2 1 10 32 41 37 33 50 30 7 19 45 38 20 50 29 39 50 13 8 12 23 3 1 1 3 18 44 12 17 42 
13 17 3 46 9 39 31 9 21 37 29 17 25 49 18 5 39 18 18 46 29 42 48 29 42 50 46 38 13 12 31 26 31 34 23 41 22 3 49 44 40 30 11 16 28 28 20 16 45 37 13 
25 30 10 4 22 11 1 11 23 15 41 50 47 24 25 37 48 29 38 43 20 17 5 35 46 33 5 13 29 43 25 4 23 36 9 46 46 9 6 20 23 48 22 19 24 46 6 21 26 43 
15 46 11 20 32 6 4 36 18 32 31 42 37 5 27 45 2 24 6 9 45 28 6 16 49 29 13 6 1 39 48 16 36 10 35 17 15 40 5 34 21 37 25 10 41 3 6 44 26 
11 2 20 41 7 38 39 38 2 46 38 40 43 5 27 4 41 44 18 30 50 1 3 36 27 14 28 29 19 21 6 32 24 27 22 32 14 12 19 16 7 9 7 1 15 36 4 6 
31 23 37 30 25 41 17 1 4 46 31 25 18 36 6 41 14 29 22 30 40 43 45 48 1 3 50 17 38 3 22 18 27 11 49 1 1 15 3 7 12 33 31 29 18 36 19 
33 14 43 12 5 35 8 4 37 11 3 3 50 7 27 20 33 39 20 33 41 37 35 47 48 19 27 27 38 14 47 20 29 39 32 35 25 39 38 13 1 40 16 3 46 44 
24 28 32 43 12 22 29 48 21 27 16 49 5 5 13 1 25 43 42 6 28 16 46 15 29 49 7 46 1 4 39 24 34 22 18 45 45 47 45 15 25 12 14 29 17 
26 31 41 20 22 48 47 38 45 14 18 43 22 13 43 25 1 18 8 24 36 5 18 34 1 33 8 12 46 38 30 23 18 22 44 40 21 43 29 16 6 46 8 29 
8 3 3 10 22 13 33 7 17 2 42 17 34 49 30 31 38 10 5 6 33 49 47 4 43 27 19 50 22 28 28 31 30 32 42 2 44 26 10 12 27 2 30 
13 2 12 45 40 21 2 47 3 2 45 8 44 21 26 43 44 4 20 24 33 1 15 36 47 42 46 10 18 49 40 32 50 1 27 39 23 28 37 27 29 31 
35 22 1 12 14 44 15 35 19 50 37 35 35 33 26 32 43 44 32 34 25 32 36 3 22 10 30 9 38 8 41 22 31 42 36 46 37 50 30 8 1 
17 42 38 1 18 19 45 13 3 30 39 36 15 42 7 26 23 17 14 33 10 37 13 3 22 9 39 22 40 46 24 6 40 11 9 7 32 3 21 34 
33 11 19 49 2 27 25 27 46 38 9 5 24 23 7 48 33 47 19 23 45 44 30 34 5 38 42 36 43 12 19 25 22 37 25 26 15 49 4 
10 36 12 14 12 36 20 9 19 17 29 43 13 22 24 46 26 14 37 11 6 50 31 32 23 17 6 48 34 5 1 43 42 14 7 5 50 28 
13 20 46 41 14 8 15 39 3 40 2 41 3 9 40 33 40 13 2 48 12 35 4 13 29 45 28 35 50 29 15 14 50 10 7 13 18 
21 4 22 12 5 13 16 14 4 49 5 16 2 2 28 38 5 42 16 2 21 1 3 50 17 18 49 26 24 14 45 46 17 17 10 23 
31 25 38 34 25 43 2 26 46 31 15 3 24 31 6 44 33 10 45 49 27 44 24 1 9 21 48 27 37 7 49 19 34 37 4 
8 31 5 36 28 37 50 30 10 32 37 4 14 46 48 12 23 43 38 25 3 8 22 29 46 31 30 16 14 18 19 23 48 24 
10 27 12 12 7 22 43 43 27 9 41 26 22 13 21 11 37 23 20 10 2 15 42 33 30 7 50 1 32 49 26 41 25 
37 4 31 8 49 26 36 7 18 12 30 30 32 41 18 4 10 29 7 27 21 39 8 29 38 8 10 36 33 3 13 22 
6 43 29 4 20 15 12 39 28 42 18 9 32 37 14 41 16 21 19 38 11 27 18 1 34 28 38 19 30 50 40 
37 45 20 41 16 34 4 5 11 45 24 21 28 11 35 21 28 7 39 17 17 15 34 19 1 11 7 19 42 6 
8 29 2 27 21 18 13 24 22 25 19 45 46 46 7 32 16 34 38 7 50 4 21 34 25 21 46 31 39 
38 38 48 18 40 27 38 7 39 13 30 15 31 24 10 29 33 41 46 16 30 2 18 36 23 1 10 45 
48 40 36 37 29 33 4 18 11 43 26 1 6 5 16 38 31 27 18 13 20 14 30 49 17 47 34 
41 47 45 36 47 34 23 33 13 7 39 32 18 33 8 18 40 14 35 30 44 12 47 8 33 12 
38 31 29 34 17 19 33 11 6 29 47 28 13 11 35 3 42 2 38 1 21 27 15 6 6 
10 19 5 18 1 16 7 33 44 40 1 15 24 14 20 4 12 48 17 22 32 21 15 35 
8 18 5 35 32 12 42 43 30 46 12 32 12 18 17 7 10 19 21 33 32 41 37 
45 38 5 16 21 25 33 5 35 50 11 19 33 23 12 25 4 10 39 38 23 8 
6 29 17 24 2 2 8 44 38 2 31 44 20 3 18 2 9 2 3 19 22 
35 43 36 11 47 45 49 34 19 7 41 47 25 14 50 26 23 43 15 27 
25 8 46 27 28 49 35 29 1 6 3 35 48 40 47 44 36 48 29 
4 4 21 2 30 35 2 6 9 44 20 35 19 28 32 47 5 32 
34 35 32 39 39 18 36 28 15 32 13 14 12 18 19 33 20 
48 19 21 3 29 14 25 16 34 4 47 31 8 29 16 44 
12 4 35 32 41 14 48 24 29 11 38 46 29 22 15 
26 42 35 31 20 1 5 37 34 8 34 16 17 14 
33 12 27 36 46 8 29 12 5 4 40 17 43 
35 45 14 2 21 7 36 3 29 38 7 15 
24 16 48 41 34 13 24 45 42 11 43 
1 41 4 8 45 45 24 37 31 19 
3 32 41 9 18 43 37 7 1 
2 30 18 1 21 1 16 44 
47 7 4 41 9 45 46 
16 41 40 40 29 21 
8 31 4 50 42 
21 44 30 30 
44 33 9 
13 36 
29 
