2
19
37 21 32 27 3 34 8 29 21 41 18 3 29 34 30 44 43 37 50 
9 39 22 21 11 16 41 33 1 32 48 45 19 21 28 47 23 11 
6 3 32 46 22 36 26 5 15 19 49 3 20 9 41 43 29 
2 9 20 36 9 3 34 5 21 6 32 17 28 44 22 33 
27 19 6 12 44 13 28 15 13 31 34 22 21 27 2 
24 37 23 12 47 26 47 1 46 2 34 15 31 29 
36 13 8 7 21 19 50 33 49 14 47 29 50 
18 1 26 22 25 14 44 36 10 19 34 12 
17 35 47 31 15 25 18 30 32 24 50 
3 24 34 1 39 30 31 38 50 31 
15 21 5 30 14 42 39 35 27 
2 1 11 48 31 26 25 50 
5 6 24 6 10 49 39 
10 37 20 40 27 19 
23 43 41 29 25 
5 23 13 41 
49 17 41 
10 14 
23 
