2
20
7 11 48 3 47 7 1 44 5 24 23 29 3 42 33 16 49 26 43 33 
43 34 12 25 12 44 3 37 24 10 48 30 20 46 34 16 4 36 12 
10 9 34 40 13 27 22 28 26 47 22 8 41 8 21 18 19 17 
20 7 40 29 7 19 1 4 5 16 7 40 29 18 49 13 7 
11 39 31 41 14 27 14 24 18 21 44 37 40 10 6 48 
49 37 4 20 37 7 26 4 15 15 33 34 15 47 41 
28 37 23 20 3 49 33 26 18 6 21 4 47 33 
12 44 31 48 48 2 36 6 29 41 21 44 23 
4 10 21 46 39 8 18 8 10 19 43 37 
38 50 7 44 46 39 5 39 22 4 38 
25 41 46 4 31 18 49 6 23 8 
26 19 49 35 38 6 44 8 50 
32 48 49 39 41 46 29 45 
37 2 50 26 27 40 21 
30 20 38 28 27 11 
37 5 31 35 39 
20 43 35 30 
44 16 27 
45 6 
17 
