2
21
7 23 15 50 4 24 36 35 33 50 37 50 7 48 43 18 12 37 21 12 45 
3 24 27 13 18 2 26 29 42 27 35 14 42 36 20 17 24 6 49 23 
43 1 29 42 43 48 3 29 18 16 26 23 39 4 35 8 6 10 38 
47 39 24 13 32 9 32 48 32 37 46 4 31 48 32 22 40 32 
26 21 49 41 46 21 31 49 7 40 6 17 27 3 7 50 15 
38 11 48 35 42 36 32 46 17 30 29 40 19 10 18 41 
11 8 38 33 41 39 40 30 44 8 9 48 14 10 14 
1 20 11 37 12 47 18 9 15 47 37 4 18 49 
21 10 9 31 48 41 23 38 30 4 33 39 12 
31 2 22 44 4 41 7 42 4 5 12 12 
19 10 1 24 27 49 47 39 9 29 38 
49 1 25 31 6 7 19 18 39 23 
41 35 28 33 41 22 37 45 33 
50 13 42 50 38 21 50 34 
9 8 12 48 9 14 22 
39 20 30 9 39 21 
33 29 5 13 13 
45 36 1 41 
18 1 5 
9 2 
42 
