3
442
0 0
15 350
15 355
20 100
20 110
20 120
20 130
20 140
20 150
20 160
20 170
20 180
20 190
20 200
20 210
20 220
20 230
20 240
20 250
20 260
20 270
20 280
20 290
20 300
20 310
20 320
20 330
20 340
20 350
20 360
20 40
20 50
20 60
20 70
20 80
20 90
30 100
30 110
30 120
30 130
30 140
30 150
30 160
30 170
30 180
30 190
30 200
30 210
30 220
30 230
30 240
30 250
30 260
30 270
30 280
30 290
30 300
30 310
30 320
30 330
30 340
30 350
30 40
30 50
30 60
30 70
30 80
30 90
40 100
40 110
40 120
40 130
40 140
40 150
40 160
40 170
40 180
40 190
40 200
40 210
40 220
40 230
40 240
40 250
40 260
40 270
40 280
40 290
40 300
40 310
40 320
40 330
40 340
40 350
40 360
40 40
40 50
40 60
40 70
40 80
40 90
47 255
47 335
47 345
50 150
50 183
50 310
52 320
53 210
54 233
54 243
60 40
62 365
62 371
70 150
70 160
70 180
70 210
70 240
70 270
70 30
70 300
70 330
70 360
70 60
75 255
75 49
80 103
80 150
80 180
80 210
80 240
80 260
80 270
80 30
80 300
80 330
80 360
80 60
85 228
85 52
85 70
90 150
90 180
90 210
90 240
90 270
90 30
90 300
90 330
90 360
90 60
91 260
94 74
95 222
100 110
100 150
100 163
100 180
100 210
100 240
100 260
100 270
100 30
100 300
100 330
100 360
100 60
105 105
110 150
110 180
110 210
110 240
110 270
110 30
110 300
110 330
110 360
110 60
110 70
110 90
115 135
117 228
120 150
120 170
120 180
120 210
120 240
120 270
120 30
120 300
120 330
120 360
120 60
122 221
130 113
130 150
130 180
130 210
130 220
130 240
130 270
130 30
130 300
130 330
130 360
130 60
130 70
135 170
135 214
135 75
140 150
140 180
140 200
140 210
140 240
140 250
140 270
140 282
140 290
140 30
140 300
140 330
140 360
140 60
140 93
145 77
150 150
150 180
150 190
150 210
150 240
150 270
150 280
150 286
150 300
150 330
150 360
155 185
155 30
155 50
160 110
160 130
160 150
160 180
160 210
160 240
160 270
160 300
160 330
160 360
165 105
169 268
170 120
170 150
170 180
170 210
170 240
170 360
171 31
171 51
172 261
172 341
175 75
179 258
179 333
180 123
180 150
180 180
180 210
180 240
180 30
180 60
183 270
183 280
183 345
190 30
190 300
190 352
190 60
200 100
200 110
200 120
200 130
200 140
200 150
200 160
200 170
200 180
200 190
200 200
200 210
200 220
200 230
200 240
200 250
200 260
200 270
200 280
200 290
200 30
200 300
200 310
200 350
200 37
200 60
200 80
200 90
205 315
206 165
210 30
210 320
210 60
211 200
212 275
215 325
217 190
220 30
220 320
220 47
220 60
222 282
228 325
229 140
230 30
230 340
230 350
230 60
232 150
232 315
239 130
240 210
240 30
240 60
245 71
250 30
250 80
255 71
260 100
260 110
260 120
260 130
260 140
260 150
260 160
260 170
260 180
260 190
260 200
260 210
260 220
260 230
260 240
260 250
260 260
260 270
260 280
260 290
260 300
260 310
260 340
260 40
260 50
260 80
260 90
262 365
270 100
270 110
270 120
270 130
270 140
270 150
270 160
270 180
270 180
270 190
270 200
270 210
270 220
270 230
270 250
270 260
270 270
270 280
270 290
270 300
270 310
270 320
270 330
270 340
270 350
270 360
270 370
270 380
270 70
270 80
270 90
275 52
276 236
280 113
280 90
285 220
285 270
285 335
290 140
290 240
290 300
290 40
290 50
293 95
295 175
295 205
300 100
300 110
300 120
300 130
300 150
300 160
300 170
300 180
300 190
300 200
300 210
300 220
300 230
300 250
300 260
300 270
300 280
300 290
300 300
300 310
300 320
300 330
300 340
300 350
300 360
300 370
300 380
300 70
300 80
300 90