 3
 160
   0  375.70
   1  205.17
   2   94.32
   3  542.55
   4  933.75
   5  780.97
   6  319.20
   7  510.40
   8  510.40
   9  319.20
  10  849.79
  11  793.24
  12  319.20
  13   74.77
  14  907.22
  15  319.20
  16  613.38
  17  226.10
  18  319.20
  19  955.54
  20  569.44
  21  524.08
  22  740.07
  23  371.66
  24  319.20
  25  911.51
  26  528.33
  27  319.20
  28  501.17
  29  889.45
  30  319.20
  31  269.92
  32  844.20
  33  319.20
  34  878.06
  35  444.38
  36  319.20
  37  950.30
  38  392.93
  39  542.55
  40  692.61
  41  309.66
  42  319.20
  43  931.40
  44  276.79
  45  664.89
  46  871.21
  47   42.20
  48  664.90
  49  276.72
  50  879.65
  51  664.89
  52  542.85
  53  108.67
  54  730.55
  55  106.75
  56  511.41
  57  730.55
  58  267.23
  59  153.81
  60  730.54
  61  603.96
  62  921.75
  63  730.54
  64  746.52
  65  294.53
  66  730.55
  67  164.31
  68  624.93
  69  730.54
  70  593.34
  71  148.22
  72  730.55
  73  347.04
  74  914.49
  75  319.20
  76  827.80
  77  169.27
  78  497.89
  79  454.08
  80  741.80
  81  319.20
  82  469.48
  83  173.65
  84  497.89
  85  624.18
  86  753.04
  87  497.89
  88  117.90
  89  378.84
  90  319.20
  91  626.96
  92  406.39
  93  319.20
  94   82.74
  95  106.57
  96  497.89
  97  120.15
  98  271.78
  99  319.20
 100  677.08
 101  175.78
 102  510.32
 103  644.38
 104  636.54
 105  497.89
 106    4.76
 107  382.87
 108  319.20
 109  908.74
 110  567.43
 111  497.89
 112  824.07
 113  197.31
 114  497.89
 115  917.46
 116  557.20
 117  319.20
 118  746.30
 119  442.93
 120  524.08
 121  743.93
 122  960.25
 123  319.20
 124  713.73
 125  882.07
 126  524.08
 127  313.85
 128  216.41
 129  319.20
 130  414.95
 131  555.34
 132  319.20
 133  350.54
 134  518.86
 135  319.20
 136  481.92
 137  642.71
 138  319.20
 139  452.23
 140  626.68
 141  319.20
 142  273.99
 143  430.33
 144  319.20
 145  512.32
 146  680.79
 147  319.20
 148  478.02
 149  614.89
 150  319.20
 151   58.20
 152  201.56
 153  319.20
 154  576.52
 155  719.42
 156  319.20
 157  471.38
 158  620.54
 159  515.24
